# E [eV]     Re{Gself}     Im{Gself}, $z_p$=50nm, d = 0 nm, plot_green_self_image.py
9.00000000000e-02	1.08496915689e+01	1.79970461862e-02
9.11111111111e-02	1.09259261855e+01	1.93576177730e-02
9.22222222222e-02	1.10128631084e+01	2.10801302914e-02
9.33333333333e-02	1.11143900809e+01	2.33619037956e-02
9.44444444444e-02	1.12367763004e+01	2.65638422041e-02
9.55555555556e-02	1.13908526850e+01	3.14050126483e-02
9.66666666667e-02	1.15971219024e+01	3.94947817183e-02
9.77777777778e-02	1.18997262526e+01	5.50794979502e-02
9.88888888889e-02	1.24143789246e+01	9.26321764538e-02
1.00000000000e-01	1.35713342408e+01	2.31056375525e-01
1.01111111111e-01	1.92499630491e+01	2.12122231417e+00
1.02222222222e-01	4.01829574126e+00	1.42927585962e+00
1.03333333333e-01	8.43853511412e+00	2.05592796605e-01
1.04444444444e-01	9.48654290723e+00	9.01160034353e-02
1.05555555556e-01	9.97945658564e+00	5.77637094810e-02
1.06666666667e-01	1.02829254315e+01	4.47514167832e-02
1.07777777778e-01	1.05002971328e+01	3.85630916538e-02
1.08888888889e-01	1.06720539221e+01	3.54049597661e-02
1.10000000000e-01	1.08173427994e+01	3.38125375312e-02
1.11111111111e-01	1.09464344856e+01	3.31251693669e-02
1.12222222222e-01	1.10653717184e+01	3.30107913773e-02
1.13333333333e-01	1.11779704825e+01	3.32890552498e-02
1.14444444444e-01	1.12867993841e+01	3.38564882943e-02
1.15555555556e-01	1.13936734043e+01	3.46515979771e-02
1.16666666667e-01	1.14999422790e+01	3.56373199360e-02
1.17777777778e-01	1.16066564385e+01	3.67915965563e-02
1.18888888889e-01	1.17146724002e+01	3.81021517070e-02
1.20000000000e-01	1.18247116075e+01	3.95634091804e-02
1.21111111111e-01	1.19374205227e+01	4.11746763070e-02
1.22222222222e-01	1.20533850863e+01	4.29390510674e-02
1.23333333333e-01	1.21731647604e+01	4.48627833258e-02
1.24444444444e-01	1.22973095281e+01	4.69549234780e-02
1.25555555556e-01	1.24263685664e+01	4.92271785532e-02
1.26666666667e-01	1.25609061781e+01	5.16939141042e-02
1.27777777778e-01	1.27015145569e+01	5.43722903473e-02
1.28888888889e-01	1.28488160022e+01	5.72824646436e-02
1.30000000000e-01	1.30034822373e+01	6.04475190328e-02
1.31111111111e-01	1.31662459743e+01	6.38961994137e-02
1.32222222222e-01	1.33379033545e+01	6.76588452362e-02
1.33333333333e-01	1.35193349112e+01	7.17727762988e-02
1.34444444444e-01	1.37115176683e+01	7.62808848421e-02
1.35555555556e-01	1.39155436462e+01	8.12331774986e-02
1.36666666667e-01	1.41326399261e+01	8.66882117709e-02
1.37777777778e-01	1.43641928525e+01	9.27148344901e-02
1.38888888889e-01	1.46117780652e+01	9.93943379062e-02
1.40000000000e-01	1.48771944090e+01	1.06823237380e-01
1.41111111111e-01	1.51625089339e+01	1.15116789162e-01
1.42222222222e-01	1.54701094362e+01	1.24413474261e-01
1.43333333333e-01	1.58027708561e+01	1.34880830671e-01
1.44444444444e-01	1.61637392949e+01	1.46723032112e-01
1.45555555556e-01	1.65568366053e+01	1.60190960368e-01
1.46666666667e-01	1.69865950607e+01	1.75595566566e-01
1.47777777778e-01	1.74584369839e+01	1.93325989765e-01
1.48888888889e-01	1.79788955650e+01	2.13874363359e-01
1.50000000000e-01	1.85559232974e+01	2.37870365372e-01
1.51111111111e-01	1.91992988261e+01	2.66129929823e-01
1.52222222222e-01	1.99211832916e+01	2.99725604091e-01
1.53333333333e-01	2.07368929279e+01	3.40089748465e-01
1.54444444444e-01	2.16659954486e+01	3.89169684854e-01
1.55555555556e-01	2.27338932806e+01	4.49666947650e-01
1.56666666667e-01	2.39741726852e+01	5.25416846989e-01
1.57777777778e-01	2.54321865095e+01	6.22011284714e-01
1.58888888889e-01	2.71706933375e+01	7.47860030150e-01
1.60000000000e-01	2.92790833516e+01	9.16083212047e-01
1.61111111111e-01	3.18891478409e+01	1.14806993210e+00
1.62222222222e-01	3.52035299625e+01	1.48061712873e+00
1.63333333333e-01	3.95505359370e+01	1.98144012834e+00
1.64444444444e-01	4.54988295076e+01	2.78647207300e+00
1.65555555556e-01	5.41245362659e+01	4.20240951835e+00
1.66666666667e-01	6.77297789866e+01	7.04631258630e+00
1.67777777778e-01	9.22107966354e+01	1.41340742076e+01
1.68888888889e-01	1.47395895391e+02	4.08535091773e+01
1.70000000000e-01	2.52653803898e+02	2.94512926122e+02
1.71111111111e-01	-2.23624777385e+02	1.54487178926e+02
1.72222222222e-01	-1.12213429543e+02	2.90602284644e+01
1.73333333333e-01	-6.91777367814e+01	1.14317407173e+01
1.74444444444e-01	-4.86403408713e+01	6.04585404962e+00
1.75555555556e-01	-3.67361452277e+01	3.72863254767e+00
1.76666666667e-01	-2.89891643399e+01	2.52612093038e+00
1.77777777778e-01	-2.35518002940e+01	1.82340682022e+00
1.78888888889e-01	-1.95274809676e+01	1.37761581481e+00
1.80000000000e-01	-1.64297555663e+01	1.07725387716e+00
1.81111111111e-01	-1.39721624798e+01	8.65329618535e-01
1.82222222222e-01	-1.19751516528e+01	7.10255787549e-01
1.83333333333e-01	-1.03205252138e+01	5.93381754575e-01
1.84444444444e-01	-8.92730659679e+00	5.03120846014e-01
1.85555555556e-01	-7.73817149214e+00	4.31967574766e-01
1.86666666667e-01	-6.71140530488e+00	3.74886767215e-01
1.87777777778e-01	-5.81593065004e+00	3.28398695994e-01
1.88888888889e-01	-5.02812223206e+00	2.90036136849e-01
1.90000000000e-01	-4.32969937781e+00	2.58010430963e-01
1.91111111111e-01	-3.70629727560e+00	2.30999304465e-01
1.92222222222e-01	-3.14647118076e+00	2.08008124243e-01
1.93333333333e-01	-2.64099101985e+00	1.88277195504e-01
1.94444444444e-01	-2.18233038969e+00	1.71218102425e-01
1.95555555556e-01	-1.76429093212e+00	1.56369502020e-01
1.96666666667e-01	-1.38172185790e+00	1.43365379972e-01
1.97777777778e-01	-1.03030765945e+00	1.31912518790e-01
1.98888888889e-01	-7.06405363491e-01	1.21773726572e-01
2.00000000000e-01	-4.06918555034e-01	1.12755441155e-01
