# E [eV]     Re(phi,n), v = c/10, b = -10 nm
# a = 25 nm, $z_p$ = $z^{opt}_p$, plot_potential.py
1.90040369189e-02	-2.20866626091e-05	1.34129342045e-07
2.89002720894e-02	-2.20477052846e-05	1.36672517977e-07
3.87965072599e-02	-2.20080324954e-05	1.39295007855e-07
4.86927424304e-02	-2.19676479803e-05	1.41990929316e-07
5.85889776009e-02	-2.19265031937e-05	1.44770113163e-07
6.84852127714e-02	-2.18845736033e-05	1.47634913857e-07
7.83814479419e-02	-2.18418377950e-05	1.50587409059e-07
8.82776831124e-02	-2.17983135441e-05	1.53621893453e-07
9.81739182829e-02	-2.17539321499e-05	1.56752707685e-07
1.08070153453e-01	-2.17086643580e-05	1.59984398126e-07
1.17966388624e-01	-2.16624794740e-05	1.63321930929e-07
1.27862623794e-01	-2.16154107547e-05	1.66763933261e-07
1.37758858965e-01	-2.15673694079e-05	1.70323072499e-07
1.47655094135e-01	-2.15183185130e-05	1.74005743818e-07
1.57551329306e-01	-2.14682209505e-05	1.77818608581e-07
1.67447564476e-01	-2.14171124809e-05	1.81755375089e-07
1.77343799647e-01	-2.13648988376e-05	1.85834155117e-07
1.87240034817e-01	-2.13115254342e-05	1.90065215817e-07
1.97136269988e-01	-2.12569468465e-05	1.94457266443e-07
2.07032505158e-01	-2.12011790632e-05	1.99014381634e-07
2.16928740329e-01	-2.11441375097e-05	2.03749918487e-07
2.26824975499e-01	-2.10857479736e-05	2.08676421543e-07
2.36721210670e-01	-2.10259540715e-05	2.13805442513e-07
2.46617445840e-01	-2.09647751287e-05	2.19142633552e-07
2.56513681011e-01	-2.09021255616e-05	2.24703747141e-07
2.66409916181e-01	-2.08378944711e-05	2.30507073052e-07
2.76306151352e-01	-2.07720110769e-05	2.36568158003e-07
2.86202386522e-01	-2.07044653268e-05	2.42891175327e-07
2.96098621693e-01	-2.06351827836e-05	2.49493448591e-07
3.05994856863e-01	-2.05640200821e-05	2.56406010933e-07
3.15891092034e-01	-2.04908868709e-05	2.63650139749e-07
3.25787327204e-01	-2.04157490676e-05	2.71245533840e-07
3.35683562375e-01	-2.03385459002e-05	2.79215115822e-07
3.45579797545e-01	-2.02590779715e-05	2.87591318480e-07
3.55476032716e-01	-2.01772279802e-05	2.96404129142e-07
3.65372267886e-01	-2.00929168349e-05	3.05681096487e-07
3.75268503057e-01	-2.00060911233e-05	3.15448852888e-07
3.85164738227e-01	-1.99164935039e-05	3.25759559017e-07
3.95060973398e-01	-1.98239683901e-05	3.36656634033e-07
4.04957208568e-01	-1.97283862277e-05	3.48183335253e-07
4.14853443739e-01	-1.96297281891e-05	3.60372425438e-07
4.24749678909e-01	-1.95276204775e-05	3.73303985279e-07
4.34645914080e-01	-1.94218520002e-05	3.87042939137e-07
4.44542149250e-01	-1.93122057841e-05	4.01660195514e-07
4.54438384421e-01	-1.91986526967e-05	4.17209993891e-07
4.64334619591e-01	-1.90807131732e-05	4.33806668430e-07
4.74230854762e-01	-1.89580921752e-05	4.51551395742e-07
4.84127089932e-01	-1.88304666066e-05	4.70558229035e-07
4.94023325103e-01	-1.86977518309e-05	4.90921904272e-07
5.03919560273e-01	-1.85593363676e-05	5.12814685557e-07
5.13815795444e-01	-1.84147766756e-05	5.36404206945e-07
5.23712030614e-01	-1.82636009092e-05	5.61879698211e-07
5.33608265785e-01	-1.81055805508e-05	5.89390419452e-07
5.43504500955e-01	-1.79399413776e-05	6.19227283042e-07
5.53400736126e-01	-1.77659804542e-05	6.51690909948e-07
5.63296971296e-01	-1.75829781481e-05	6.87115268692e-07
5.73193206467e-01	-1.73904328685e-05	7.25841568430e-07
5.83089441637e-01	-1.71873037866e-05	7.68343856201e-07
5.92985676808e-01	-1.69724529224e-05	8.15178944093e-07
6.02881911978e-01	-1.67447231999e-05	8.66987355042e-07
6.12778147149e-01	-1.65031355799e-05	9.24437874787e-07
6.22674382319e-01	-1.62461426931e-05	9.88455539859e-07
6.32570617490e-01	-1.59718109845e-05	1.06021449133e-06
6.42466852660e-01	-1.56781590987e-05	1.14107907082e-06
6.52363087831e-01	-1.53632056205e-05	1.23269992083e-06
6.62259323001e-01	-1.50243954094e-05	1.33715127900e-06
6.72155558172e-01	-1.46583147299e-05	1.45710542762e-06
6.82051793342e-01	-1.42613320227e-05	1.59593079092e-06
6.91948028513e-01	-1.38295715497e-05	1.75776670388e-06
7.01844263683e-01	-1.33584477560e-05	1.94801811474e-06
7.11740498854e-01	-1.28414809960e-05	2.17449856832e-06
7.21636734024e-01	-1.22718510078e-05	2.44731921958e-06
7.31532969195e-01	-1.16420865286e-05	2.78019847109e-06
7.41429204365e-01	-1.09444723605e-05	3.19198374274e-06
7.51325439536e-01	-1.01695161484e-05	3.71037379243e-06
7.61221674706e-01	-9.31050342169e-06	4.37477179470e-06
7.71117909877e-01	-8.36759780009e-06	5.24225638962e-06
7.81014145047e-01	-7.35993398896e-06	6.39356286049e-06
7.90910380218e-01	-6.34364645213e-06	7.94469627727e-06
8.00806615388e-01	-5.46408317269e-06	1.00350318611e-05
8.10702850559e-01	-5.02452767101e-06	1.27659804326e-05
8.20599085729e-01	-5.50546967130e-06	1.60082670133e-05
8.30495320900e-01	-7.31394159997e-06	1.91793412648e-05
8.40391556070e-01	-1.02490551415e-05	2.14091334903e-05
8.50287791241e-01	-1.34884472102e-05	2.22951057295e-05
8.60184026411e-01	-1.63215514101e-05	2.21370177790e-05
8.70080261582e-01	-1.85318547218e-05	2.14330083241e-05
8.79976496752e-01	-2.01841947993e-05	2.05296298578e-05
8.89872731923e-01	-2.14135489962e-05	1.96030948765e-05
8.99768967093e-01	-2.23381802973e-05	1.87288617554e-05
9.09665202264e-01	-2.30478080171e-05	1.79309335811e-05
9.19561437434e-01	-2.36039129665e-05	1.72125004025e-05
9.29457672605e-01	-2.40484822821e-05	1.65686044311e-05
9.39353907775e-01	-2.44102624250e-05	1.59923137365e-05
9.49250142946e-01	-2.47099946748e-05	1.54749055924e-05
9.59146378116e-01	-2.49623906262e-05	1.50084698102e-05
9.69042613287e-01	-2.51779992812e-05	1.45863979741e-05
9.78938848457e-01	-2.53643197854e-05	1.42033578939e-05
9.88835083628e-01	-2.55273582407e-05	1.38543108872e-05
9.98731318798e-01	-2.56718123954e-05	1.35348031321e-05
1.00862755397e+00	-2.58011085807e-05	1.32413172189e-05
1.01852378914e+00	-2.59178727843e-05	1.29710791155e-05
1.02842002431e+00	-2.60242307981e-05	1.27215257091e-05
1.03831625948e+00	-2.61219535606e-05	1.24901608194e-05
1.04821249465e+00	-2.62124106510e-05	1.22750943941e-05
1.05810872982e+00	-2.62966532672e-05	1.20748053792e-05
1.06800496499e+00	-2.63755483887e-05	1.18879598257e-05
1.07790120016e+00	-2.64499993611e-05	1.17130676299e-05
1.08779743533e+00	-2.65206407512e-05	1.15490430566e-05
1.09769367050e+00	-2.65879819092e-05	1.13949892706e-05
1.10758990567e+00	-2.66524136319e-05	1.12502017693e-05
1.11748614084e+00	-2.67144167565e-05	1.11137025715e-05
1.12738237601e+00	-2.67743212455e-05	1.09848277522e-05
1.13727861119e+00	-2.68324024837e-05	1.08630044570e-05
1.14717484636e+00	-2.68888339180e-05	1.07478529347e-05
1.15707108153e+00	-2.69439177561e-05	1.06387048028e-05
1.16696731670e+00	-2.69978420999e-05	1.05351318533e-05
1.17686355187e+00	-2.70507726620e-05	1.04367471353e-05
1.18675978704e+00	-2.71027336620e-05	1.03433630157e-05
1.19665602221e+00	-2.71539803561e-05	1.02544845794e-05
1.20655225738e+00	-2.72046305409e-05	1.01698206220e-05
1.21644849255e+00	-2.72547880336e-05	1.00891080976e-05
1.22634472772e+00	-2.73045046382e-05	1.00122121620e-05
1.23624096289e+00	-2.73538992541e-05	9.93881382429e-06
1.24613719806e+00	-2.74030549883e-05	9.86869508421e-06
1.25603343323e+00	-2.74520420313e-05	9.80167078437e-06
1.26592966840e+00	-2.75008470276e-05	9.73764441799e-06
1.27582590357e+00	-2.75495829502e-05	9.67640029183e-06
1.28572213874e+00	-2.75983296886e-05	9.61776839603e-06
1.29561837391e+00	-2.76471378262e-05	9.56161475854e-06
1.30551460908e+00	-2.76959991760e-05	9.50787581632e-06
1.31541084425e+00	-2.77449816012e-05	9.45640339103e-06
1.32530707942e+00	-2.77941575479e-05	9.40705534763e-06
1.33520331460e+00	-2.78435661373e-05	9.35973251575e-06
1.34509954977e+00	-2.78932065755e-05	9.31437700676e-06
1.35499578494e+00	-2.79431170078e-05	9.27089538802e-06
1.36489202011e+00	-2.79933653514e-05	9.22917489709e-06
1.37478825528e+00	-2.80439839893e-05	9.18914065053e-06
1.38468449045e+00	-2.80949724358e-05	9.15074630792e-06
1.39458072562e+00	-2.81463460855e-05	9.11393336791e-06
1.40447696079e+00	-2.81981795012e-05	9.07860504570e-06
1.41437319596e+00	-2.82505012380e-05	9.04470393274e-06
1.42426943113e+00	-2.83033127694e-05	9.01218620856e-06
1.43416566630e+00	-2.83566042639e-05	8.98101240862e-06
1.44406190147e+00	-2.84104656428e-05	8.95110952374e-06
1.45395813664e+00	-2.84649235256e-05	8.92243299442e-06
1.46385437181e+00	-2.85199919645e-05	8.89494698841e-06
1.47375060698e+00	-2.85756523718e-05	8.86863203234e-06
1.48364684215e+00	-2.86319865965e-05	8.84342202492e-06
1.49354307732e+00	-2.86890207507e-05	8.81928205836e-06
1.50343931249e+00	-2.87467746694e-05	8.79618294454e-06
1.51333554766e+00	-2.88051870446e-05	8.77414226724e-06
1.52323178283e+00	-2.88643752292e-05	8.75307517240e-06
1.53312801801e+00	-2.89243658626e-05	8.73295423087e-06
1.54302425318e+00	-2.89851858757e-05	8.71375356776e-06
1.55292048835e+00	-2.90468038519e-05	8.69544812080e-06
1.56281672352e+00	-2.91093020904e-05	8.67801343425e-06
1.57271295869e+00	-2.91727117939e-05	8.66142781964e-06
1.58260919386e+00	-2.92370615040e-05	8.64567084168e-06
1.59250542903e+00	-2.93023099455e-05	8.63073894005e-06
1.60240166420e+00	-2.93685412955e-05	8.61659938182e-06
1.61229789937e+00	-2.94357994967e-05	8.60323186200e-06
1.62219413454e+00	-2.95041155027e-05	8.59062034684e-06
1.63209036971e+00	-2.95734449090e-05	8.57876230209e-06
1.64198660488e+00	-2.96438642728e-05	8.56763386920e-06
1.65188284005e+00	-2.97154360479e-05	8.55721659212e-06
1.66177907522e+00	-2.97881943917e-05	8.54749804972e-06
1.67167531039e+00	-2.98621282639e-05	8.53845934763e-06
1.68157154556e+00	-2.99372884949e-05	8.53009051538e-06
1.69146778073e+00	-3.00137420214e-05	8.52238575480e-06
1.70136401590e+00	-3.00915271107e-05	8.51533562143e-06
1.71126025107e+00	-3.01706273932e-05	8.50894612846e-06
1.72115648624e+00	-3.02510781521e-05	8.50320883369e-06
1.73105272142e+00	-3.03329789320e-05	8.49810042492e-06
1.74094895659e+00	-3.04163731038e-05	8.49361404502e-06
1.75084519176e+00	-3.05012828145e-05	8.48974432891e-06
1.76074142693e+00	-3.05877380758e-05	8.48648551134e-06
1.77063766210e+00	-3.06758241314e-05	8.48383065595e-06
1.78053389727e+00	-3.07655907021e-05	8.48177511717e-06
1.79043013244e+00	-3.08570606502e-05	8.48030858256e-06
1.80032636761e+00	-3.09502324157e-05	8.47941449439e-06
1.81022260278e+00	-3.10452418891e-05	8.47910659470e-06
1.82011883795e+00	-3.11421465596e-05	8.47938217362e-06
1.83001507312e+00	-3.12409882955e-05	8.48023874278e-06
1.83991130829e+00	-3.13417408753e-05	8.48167181915e-06
1.84980754346e+00	-3.14445707515e-05	8.48368164394e-06
1.85970377863e+00	-3.15495448751e-05	8.48626734380e-06
1.86960001380e+00	-3.16567297957e-05	8.48942920726e-06
1.87949624897e+00	-3.17660992386e-05	8.49318943404e-06
1.88939248414e+00	-3.18778270104e-05	8.49752526851e-06
1.89928871931e+00	-3.19919918045e-05	8.50243755916e-06
1.90918495448e+00	-3.21086757056e-05	8.50792755386e-06
1.91908118965e+00	-3.22278964814e-05	8.51396472122e-06
1.92897742483e+00	-3.23498028964e-05	8.52057848349e-06
1.93887366000e+00	-3.24744946141e-05	8.52777417067e-06
1.94876989517e+00	-3.26020692226e-05	8.53555453012e-06
1.95866613034e+00	-3.27325073616e-05	8.54391286850e-06
1.96856236551e+00	-3.28660023354e-05	8.55285820658e-06
1.97845860068e+00	-3.30026944963e-05	8.56239810981e-06
1.98835483585e+00	-3.31427020159e-05	8.57253529915e-06
