# E [eV]     Re(phi,n), v = c/10, b = -10 nm
# a = 15 nm, $z_p$ = $z^{opt}_p$, plot_potential.py
1.90040369189e-02	5.13146266849e-06	2.66448018186e-06
2.89002720894e-02	5.87404223220e-06	2.70508595257e-06
3.87965072599e-02	6.62781475360e-06	2.74604833928e-06
4.86927424304e-02	7.39243099959e-06	2.78726557508e-06
5.85889776009e-02	8.16855199016e-06	2.82890555471e-06
6.84852127714e-02	8.95634038620e-06	2.87097600211e-06
7.83814479419e-02	9.75587824166e-06	2.91346709120e-06
8.82776831124e-02	1.05664716944e-05	2.95622417924e-06
9.81739182829e-02	1.13890862782e-05	2.99944066498e-06
1.08070153453e-01	1.22238939972e-05	3.04312484945e-06
1.17966388624e-01	1.30710699174e-05	3.08728517391e-06
1.27862623794e-01	1.39295592861e-05	3.13183271427e-06
1.37758858965e-01	1.48005955223e-05	3.17688487124e-06
1.47655094135e-01	1.56843920695e-05	3.22245353761e-06
1.57551329306e-01	1.65811341579e-05	3.26854793288e-06
1.67447564476e-01	1.74896377651e-05	3.31497136593e-06
1.77343799647e-01	1.84110922765e-05	3.36190404907e-06
1.87240034817e-01	1.93459037739e-05	3.40938922982e-06
1.97136269988e-01	2.02942680913e-05	3.45743666477e-06
2.07032505158e-01	2.12552540872e-05	3.50600148283e-06
2.16928740329e-01	2.22296886923e-05	3.55513721081e-06
2.26824975499e-01	2.32181499567e-05	3.60487424536e-06
2.36721210670e-01	2.42208454955e-05	3.65522308760e-06
2.46617445840e-01	2.52366444296e-05	3.70613271932e-06
2.56513681011e-01	2.62661787112e-05	3.75764615894e-06
2.66409916181e-01	2.73104239206e-05	3.80981234777e-06
2.76306151352e-01	2.83695995526e-05	3.86264253306e-06
2.86202386522e-01	2.94428677725e-05	3.91599311063e-06
2.96098621693e-01	3.05304043789e-05	3.96987743414e-06
3.05994856863e-01	3.16334042160e-05	4.02445114170e-06
3.15891092034e-01	3.27520996678e-05	4.07972590138e-06
3.25787327204e-01	3.38857728484e-05	4.13571250085e-06
3.35683562375e-01	3.50340688528e-05	4.19243005638e-06
3.45579797545e-01	3.61986248711e-05	4.24989566237e-06
3.55476032716e-01	3.73796866739e-05	4.30812173066e-06
3.65372267886e-01	3.85768312899e-05	4.36708742449e-06
3.75268503057e-01	3.97891915459e-05	4.42675559441e-06
3.85164738227e-01	4.10186751131e-05	4.48722421276e-06
3.95060973398e-01	4.22655419549e-05	4.54850620775e-06
4.04957208568e-01	4.35295443462e-05	4.61059021937e-06
4.14853443739e-01	4.48088554894e-05	4.67339512447e-06
4.24749678909e-01	4.61061833324e-05	4.73705425408e-06
4.34645914080e-01	4.74218020066e-05	4.80158092065e-06
4.44542149250e-01	4.87558389490e-05	4.86698387696e-06
4.54438384421e-01	5.01059586893e-05	4.93320037931e-06
4.64334619591e-01	5.14750653640e-05	5.00032768788e-06
4.74230854762e-01	5.28634479317e-05	5.06837934279e-06
4.84127089932e-01	5.42713997838e-05	5.13736888787e-06
4.94023325103e-01	5.56963271457e-05	5.20725455386e-06
5.03919560273e-01	5.71410860339e-05	5.27810523434e-06
5.13815795444e-01	5.86061650670e-05	5.34993817269e-06
5.23712030614e-01	6.00918724831e-05	5.42276678587e-06
5.33608265785e-01	6.15957089585e-05	5.49632605745e-06
5.43504500955e-01	6.31200533564e-05	5.57083924674e-06
5.53400736126e-01	6.46658116542e-05	5.64637791012e-06
5.63296971296e-01	6.62333063321e-05	5.72295463554e-06
5.73193206467e-01	6.78203797680e-05	5.80057062510e-06
5.83089441637e-01	6.94286908106e-05	5.87924892250e-06
5.92985676808e-01	7.10595686055e-05	5.95900663186e-06
6.02881911978e-01	7.27133489184e-05	6.03985513114e-06
6.12778147149e-01	7.43880358923e-05	6.12159386640e-06
6.22674382319e-01	7.60845768118e-05	6.20429273273e-06
6.32570617490e-01	7.78048750281e-05	6.28810382057e-06
6.42466852660e-01	7.95492774984e-05	6.37303611107e-06
6.52363087831e-01	8.13164824682e-05	6.45931443130e-06
6.62259323001e-01	8.31065841376e-05	6.54698372679e-06
6.72155558172e-01	8.49217022090e-05	6.63582052231e-06
6.82051793342e-01	8.67621922970e-05	6.72583067376e-06
6.91948028513e-01	8.86266930228e-05	6.81672437836e-06
7.01844263683e-01	9.05141540007e-05	6.90826784376e-06
7.11740498854e-01	9.24278703667e-05	7.00096785120e-06
7.21636734024e-01	9.43682008329e-05	7.09482443976e-06
7.31532969195e-01	9.63345368775e-05	7.18986869140e-06
7.41429204365e-01	9.83252006662e-05	7.28616905496e-06
7.51325439536e-01	1.00343402748e-04	7.38362511259e-06
7.61221674706e-01	1.02389498557e-04	7.48222904109e-06
7.71117909877e-01	1.04463226137e-04	7.58198724043e-06
7.81014145047e-01	1.06561457280e-04	7.68298472885e-06
7.90910380218e-01	1.08688459451e-04	7.78510083925e-06
8.00806615388e-01	1.10844574043e-04	7.88831615316e-06
8.10702850559e-01	1.13030054526e-04	7.99260115665e-06
8.20599085729e-01	1.15240859048e-04	8.09759789118e-06
8.30495320900e-01	1.17481601645e-04	8.20360492000e-06
8.40391556070e-01	1.19752594605e-04	8.31058559967e-06
8.50287791241e-01	1.22054140279e-04	8.41849780975e-06
8.60184026411e-01	1.24381862991e-04	8.52696013223e-06
8.70080261582e-01	1.26740047642e-04	8.63621088514e-06
8.79976496752e-01	1.29129436070e-04	8.74622320198e-06
8.89872731923e-01	1.31550272259e-04	8.85692760751e-06
8.99768967093e-01	1.33999048863e-04	8.96847437704e-06
9.09665202264e-01	1.36478562882e-04	9.08062351495e-06
9.19561437434e-01	1.38989975265e-04	9.19321794455e-06
9.29457672605e-01	1.41533436759e-04	9.30614843308e-06
9.39353907775e-01	1.44105598457e-04	9.41861722967e-06
9.49250142946e-01	1.46708204266e-04	9.53081925406e-06
9.59146378116e-01	1.49342952163e-04	9.64292677291e-06
9.69042613287e-01	1.52009848163e-04	9.75477224645e-06
9.78938848457e-01	1.54705699946e-04	9.86676759249e-06
9.88835083628e-01	1.57430959025e-04	9.97861247756e-06
9.98731318798e-01	1.60187922395e-04	1.00896164872e-05
1.00862755397e+00	1.62976376886e-04	1.01995256204e-05
1.01852378914e+00	1.65793754727e-04	1.03075953955e-05
1.02842002431e+00	1.68639023987e-04	1.04133879963e-05
1.03831625948e+00	1.71514551219e-04	1.05171320817e-05
1.04821249465e+00	1.74419791976e-04	1.06184446021e-05
1.05810872982e+00	1.77352225600e-04	1.07170679491e-05
1.06800496499e+00	1.80309067749e-04	1.08127243190e-05
1.07790120016e+00	1.83293175951e-04	1.09045608016e-05
1.08779743533e+00	1.86303507993e-04	1.09919966132e-05
1.09769367050e+00	1.89337663297e-04	1.10743353803e-05
1.10758990567e+00	1.92390972593e-04	1.11507368675e-05
1.11748614084e+00	1.95466236491e-04	1.12205987908e-05
1.12738237601e+00	1.98561658634e-04	1.12830333459e-05
1.13727861119e+00	2.01674670549e-04	1.13370340129e-05
1.14717484636e+00	2.04798666653e-04	1.13813862153e-05
1.15707108153e+00	2.07935780220e-04	1.14150163481e-05
1.16696731670e+00	2.11083059337e-04	1.14365455853e-05
1.17686355187e+00	2.14237170668e-04	1.14444277249e-05
1.18675978704e+00	2.17388291780e-04	1.14377412343e-05
1.19665602221e+00	2.20538153638e-04	1.14138051750e-05
1.20655225738e+00	2.23682112852e-04	1.13704143874e-05
1.21644849255e+00	2.26814823728e-04	1.13050941838e-05
1.22634472772e+00	2.29926418045e-04	1.12143717519e-05
1.23624096289e+00	2.33013425079e-04	1.10957386070e-05
1.24613719806e+00	2.36068811072e-04	1.09457185305e-05
1.25603343323e+00	2.39083984808e-04	1.07602293848e-05
1.26592966840e+00	2.42045384305e-04	1.05355190177e-05
1.27582590357e+00	2.44944887842e-04	1.02657523728e-05
1.28572213874e+00	2.47771458619e-04	9.94453511342e-06
1.29561837391e+00	2.50511148500e-04	9.56481957269e-06
1.30551460908e+00	2.53145191259e-04	9.11897305583e-06
1.31541084425e+00	2.55657280242e-04	8.59753838007e-06
1.32530707942e+00	2.58028803143e-04	7.98928854094e-06
1.33520331460e+00	2.60236565646e-04	7.28136469953e-06
1.34509954977e+00	2.62252577561e-04	6.45929447573e-06
1.35499578494e+00	2.64047122954e-04	5.50543724905e-06
1.36489202011e+00	2.65586949321e-04	4.39808856460e-06
1.37478825528e+00	2.66832042393e-04	3.11189289137e-06
1.38468449045e+00	2.67735698917e-04	1.61730214836e-06
1.39458072562e+00	2.68245012571e-04	-1.21719974536e-07
1.40447696079e+00	2.68298936123e-04	-2.15145422256e-06
1.41437319596e+00	2.67825071454e-04	-4.52743033934e-06
1.42426943113e+00	2.66739511473e-04	-7.31747777429e-06
1.43416566630e+00	2.64945561319e-04	-1.06058433883e-05
1.44406190147e+00	2.62325270431e-04	-1.45048775789e-05
1.45395813664e+00	2.58740933729e-04	-1.91555939011e-05
1.46385437181e+00	2.54031090036e-04	-2.47401715191e-05
1.47375060698e+00	2.48010249802e-04	-3.14941520114e-05
1.48364684215e+00	2.40450653610e-04	-3.97461977130e-05
1.49354307732e+00	2.31094353489e-04	-4.99369800560e-05
1.50343931249e+00	2.19654486315e-04	-6.26752830098e-05
1.51333554766e+00	2.05851223722e-04	-7.87884706279e-05
1.52323178283e+00	1.89411532625e-04	-9.95245352814e-05
1.53312801801e+00	1.70243845747e-04	-1.26659347367e-04
1.54302425318e+00	1.48719095791e-04	-1.62764403119e-04
1.55292048835e+00	1.26358943287e-04	-2.11416740169e-04
1.56281672352e+00	1.07074608212e-04	-2.77227022974e-04
1.57271295869e+00	9.94528659999e-05	-3.64328702741e-04
1.58260919386e+00	1.18308196030e-04	-4.71388528499e-04
1.59250542903e+00	1.79227796505e-04	-5.83076833948e-04
1.60240166420e+00	2.81923437313e-04	-6.71362451302e-04
1.61229789937e+00	4.02987194027e-04	-7.17362472021e-04
1.62219413454e+00	5.16638382701e-04	-7.26050342370e-04
1.63209036971e+00	6.11867476505e-04	-7.13319856449e-04
1.64198660488e+00	6.89261185182e-04	-6.91846495484e-04
1.65188284005e+00	7.52961149645e-04	-6.68469821592e-04
1.66177907522e+00	8.06992496280e-04	-6.46226769248e-04
1.67167531039e+00	8.54390745526e-04	-6.26241310401e-04
1.68157154556e+00	8.97337742635e-04	-6.08771677822e-04
1.69146778073e+00	9.37353878419e-04	-5.93723915376e-04
1.70136401590e+00	9.75487107017e-04	-5.80881930737e-04
1.71126025107e+00	1.01245933513e-03	-5.70013537091e-04
1.72115648624e+00	1.04881439184e-03	-5.60882962979e-04
1.73105272142e+00	1.08498527931e-03	-5.53270173599e-04
1.74094895659e+00	1.12128610015e-03	-5.46996886020e-04
1.75084519176e+00	1.15795714669e-03	-5.41912363102e-04
1.76074142693e+00	1.19519674408e-03	-5.37887829413e-04
1.77063766210e+00	1.23319469716e-03	-5.34812517822e-04
1.78053389727e+00	1.27210289489e-03	-5.32594960366e-04
1.79043013244e+00	1.31204556080e-03	-5.31155268595e-04
1.80032636761e+00	1.35312466571e-03	-5.30421776035e-04
1.81022260278e+00	1.39549492982e-03	-5.30345362771e-04
1.82011883795e+00	1.43927228586e-03	-5.30878748592e-04
1.83001507312e+00	1.48456304040e-03	-5.31981275045e-04
1.83991130829e+00	1.53144029184e-03	-5.33616100898e-04
1.84980754346e+00	1.58006647819e-03	-5.35755071893e-04
1.85970377863e+00	1.63056079927e-03	-5.38372891055e-04
1.86960001380e+00	1.68304508708e-03	-5.41448100699e-04
1.87949624897e+00	1.73759787818e-03	-5.44971550598e-04
1.88939248414e+00	1.79440157770e-03	-5.48917312047e-04
1.89928871931e+00	1.85359786840e-03	-5.53271441584e-04
1.90918495448e+00	1.91533656086e-03	-5.58021802397e-04
1.91908118965e+00	1.97974009409e-03	-5.63139172324e-04
1.92897742483e+00	2.04700766043e-03	-5.68629265908e-04
1.93887366000e+00	2.11732258108e-03	-5.74485248527e-04
1.94876989517e+00	2.19087721053e-03	-5.80699342117e-04
1.95866613034e+00	2.26780531100e-03	-5.87256959013e-04
1.96856236551e+00	2.34837503287e-03	-5.94155702172e-04
1.97845860068e+00	2.43284022013e-03	-6.01390657252e-04
1.98835483585e+00	2.52145550989e-03	-6.08954479686e-04
