# E [eV]     Re(phi,n), v = c/10, b = -10 nm
# a = 25 nm, $z_p$ = $z^{opt}_p$, plot_potential.py
1.90040369189e-02	-2.22916620493e-05	2.57961274347e-08
2.89002720894e-02	-2.22829162097e-05	2.62040030181e-08
3.87965072599e-02	-2.22740481618e-05	2.66304825875e-08
4.86927424304e-02	-2.22650603304e-05	2.70712700749e-08
5.85889776009e-02	-2.22559449306e-05	2.75258135381e-08
6.84852127714e-02	-2.22466988945e-05	2.79927459400e-08
7.83814479419e-02	-2.22373199034e-05	2.84710108207e-08
8.82776831124e-02	-2.22278132564e-05	2.89584009872e-08
9.81739182829e-02	-2.22181680019e-05	2.94564527905e-08
1.08070153453e-01	-2.22083809453e-05	2.99650104398e-08
1.17966388624e-01	-2.21984488509e-05	3.04840349615e-08
1.27862623794e-01	-2.21883806646e-05	3.10124934446e-08
1.37758858965e-01	-2.21781626753e-05	3.15516575602e-08
1.47655094135e-01	-2.21677911987e-05	3.21017251083e-08
1.57551329306e-01	-2.21572627853e-05	3.26629049143e-08
1.67447564476e-01	-2.21465876675e-05	3.32332223805e-08
1.77343799647e-01	-2.21357523175e-05	3.38147468932e-08
1.87240034817e-01	-2.21247509288e-05	3.44081335890e-08
1.97136269988e-01	-2.21135797293e-05	3.50137020407e-08
2.07032505158e-01	-2.21022463391e-05	3.56310970502e-08
2.16928740329e-01	-2.20907405180e-05	3.62611853753e-08
2.26824975499e-01	-2.20790544074e-05	3.69045975619e-08
2.36721210670e-01	-2.20671838180e-05	3.75617358556e-08
2.46617445840e-01	-2.20551382846e-05	3.82321995613e-08
2.56513681011e-01	-2.20429091972e-05	3.89168002411e-08
2.66409916181e-01	-2.20304842096e-05	3.96164902277e-08
2.76306151352e-01	-2.20178586447e-05	4.03317506381e-08
2.86202386522e-01	-2.20050387883e-05	4.10612927730e-08
2.96098621693e-01	-2.19920203393e-05	4.18056166249e-08
3.05994856863e-01	-2.19787881292e-05	4.25669122744e-08
3.15891092034e-01	-2.19653369003e-05	4.33457410918e-08
3.25787327204e-01	-2.19516714128e-05	4.41425128352e-08
3.35683562375e-01	-2.19377925848e-05	4.49577950815e-08
3.45579797545e-01	-2.19236798409e-05	4.57925085307e-08
3.55476032716e-01	-2.19093272482e-05	4.66473155582e-08
3.65372267886e-01	-2.18947359905e-05	4.75224140419e-08
3.75268503057e-01	-2.18799120917e-05	4.84177413255e-08
3.85164738227e-01	-2.18648311681e-05	4.93352755083e-08
3.95060973398e-01	-2.18494864895e-05	5.02757955870e-08
4.04957208568e-01	-2.18338767757e-05	5.12397334395e-08
4.14853443739e-01	-2.18180183097e-05	5.22264086367e-08
4.24749678909e-01	-2.18018767681e-05	5.32385366939e-08
4.34645914080e-01	-2.17854444973e-05	5.42770359281e-08
4.44542149250e-01	-2.17687152836e-05	5.53427767055e-08
4.54438384421e-01	-2.17517108783e-05	5.64352413785e-08
4.64334619591e-01	-2.17343932402e-05	5.75570284696e-08
4.74230854762e-01	-2.17167536151e-05	5.87092275321e-08
4.84127089932e-01	-2.16987829225e-05	5.98929779977e-08
4.94023325103e-01	-2.16805056598e-05	6.11080263199e-08
5.03919560273e-01	-2.16618825751e-05	6.23569159924e-08
5.13815795444e-01	-2.16429014552e-05	6.36410404673e-08
5.23712030614e-01	-2.16235518529e-05	6.49617616416e-08
5.33608265785e-01	-2.16038567543e-05	6.63162787373e-08
5.43504500955e-01	-2.15837806296e-05	6.77091460130e-08
5.53400736126e-01	-2.15633048419e-05	6.91427958193e-08
5.63296971296e-01	-2.15424173160e-05	7.06188562033e-08
5.73193206467e-01	-2.15211363772e-05	7.21380317214e-08
5.83089441637e-01	-2.14994330576e-05	7.37026482230e-08
5.92985676808e-01	-2.14772815730e-05	7.53149851819e-08
6.02881911978e-01	-2.14546678871e-05	7.69770146030e-08
6.12778147149e-01	-2.14316073066e-05	7.86871724404e-08
6.22674382319e-01	-2.14080775735e-05	8.04484974777e-08
6.32570617490e-01	-2.13840431369e-05	8.22656725595e-08
6.42466852660e-01	-2.13594875933e-05	8.41410901462e-08
6.52363087831e-01	-2.13344159329e-05	8.60794166189e-08
6.62259323001e-01	-2.13088144415e-05	8.80837031924e-08
6.72155558172e-01	-2.12826412092e-05	9.01544831720e-08
6.82051793342e-01	-2.12558769192e-05	9.22947196644e-08
6.91948028513e-01	-2.12285250572e-05	9.45025832934e-08
7.01844263683e-01	-2.12005848757e-05	9.67770946974e-08
7.11740498854e-01	-2.11719944851e-05	9.91300727788e-08
7.21636734024e-01	-2.11427310239e-05	1.01565156271e-07
7.31532969195e-01	-2.11127845841e-05	1.04086102789e-07
7.41429204365e-01	-2.10821604476e-05	1.06696762171e-07
7.51325439536e-01	-2.10507916780e-05	1.09401700363e-07
7.61221674706e-01	-2.10186509642e-05	1.12205485791e-07
7.71117909877e-01	-2.09857190168e-05	1.15112803408e-07
7.81014145047e-01	-2.09520196488e-05	1.18127824344e-07
7.90910380218e-01	-2.09174627416e-05	1.21256990328e-07
8.00806615388e-01	-2.08820154257e-05	1.24506095624e-07
8.10702850559e-01	-2.08456444788e-05	1.27881139561e-07
8.20599085729e-01	-2.08083841923e-05	1.31379730806e-07
8.30495320900e-01	-2.07701291924e-05	1.35017281112e-07
8.40391556070e-01	-2.07308395263e-05	1.38801201588e-07
8.50287791241e-01	-2.06904731075e-05	1.42739404301e-07
8.60184026411e-01	-2.06490654526e-05	1.46830099661e-07
8.70080261582e-01	-2.06065038768e-05	1.51090629795e-07
8.79976496752e-01	-2.05627312370e-05	1.55531634088e-07
8.89872731923e-01	-2.05176957380e-05	1.60163405979e-07
8.99768967093e-01	-2.04714113883e-05	1.64996874163e-07
9.09665202264e-01	-2.04237753127e-05	1.70043800568e-07
9.19561437434e-01	-2.03747087815e-05	1.75316906551e-07
9.29457672605e-01	-2.03241472414e-05	1.80829868016e-07
9.39353907775e-01	-2.02720898076e-05	1.86579236591e-07
9.49250142946e-01	-2.02184348639e-05	1.92588464028e-07
9.59146378116e-01	-2.01630741781e-05	1.98882975262e-07
9.69042613287e-01	-2.01059262071e-05	2.05481126903e-07
9.78938848457e-01	-2.00469727635e-05	2.12410224761e-07
9.88835083628e-01	-1.99861140037e-05	2.19690711122e-07
9.98731318798e-01	-1.99231999327e-05	2.27340256351e-07
1.00862755397e+00	-1.98581260379e-05	2.35384286111e-07
1.01852378914e+00	-1.97908333765e-05	2.43834707850e-07
1.02842002431e+00	-1.97212222433e-05	2.52715442161e-07
1.03831625948e+00	-1.96491018832e-05	2.62078018527e-07
1.04821249465e+00	-1.95743357997e-05	2.71958170750e-07
1.05810872982e+00	-1.94968267833e-05	2.82394314996e-07
1.06800496499e+00	-1.94164764300e-05	2.93428106693e-07
1.07790120016e+00	-1.93330197426e-05	3.05107947113e-07
1.08779743533e+00	-1.92462749117e-05	3.17485795740e-07
1.09769367050e+00	-1.91560808065e-05	3.30613211800e-07
1.10758990567e+00	-1.90623286278e-05	3.44536006755e-07
1.11748614084e+00	-1.89646651166e-05	3.59344533370e-07
1.12738237601e+00	-1.88628421653e-05	3.75116671540e-07
1.13727861119e+00	-1.87566079302e-05	3.91936078953e-07
1.14717484636e+00	-1.86458223063e-05	4.09871953275e-07
1.15707108153e+00	-1.85300115749e-05	4.29059307540e-07
1.16696731670e+00	-1.84088273076e-05	4.49619649526e-07
1.17686355187e+00	-1.82818878058e-05	4.71689931068e-07
1.18675978704e+00	-1.81490367991e-05	4.95411454582e-07
1.19665602221e+00	-1.80095825386e-05	5.20969363761e-07
1.20655225738e+00	-1.78630152508e-05	5.48563085318e-07
1.21644849255e+00	-1.77087758522e-05	5.78420260588e-07
1.22634472772e+00	-1.75464373871e-05	6.10718825311e-07
1.23624096289e+00	-1.73751698278e-05	6.45817327368e-07
1.24613719806e+00	-1.71941796699e-05	6.84073428143e-07
1.25603343323e+00	-1.70026101661e-05	7.25889244798e-07
1.26592966840e+00	-1.67997830780e-05	7.71712290875e-07
1.27582590357e+00	-1.65844668531e-05	8.22100867366e-07
1.28572213874e+00	-1.63553578824e-05	8.77710778010e-07
1.29561837391e+00	-1.61110755316e-05	9.39314118319e-07
1.30551460908e+00	-1.58503493051e-05	1.00775095721e-06
1.31541084425e+00	-1.55713051381e-05	1.08414602173e-06
1.32530707942e+00	-1.52717306345e-05	1.16988589539e-06
1.33520331460e+00	-1.49492575470e-05	1.26661599411e-06
1.34509954977e+00	-1.46014155450e-05	1.37627768719e-06
1.35499578494e+00	-1.42250559434e-05	1.50137605423e-06
1.36489202011e+00	-1.38162406273e-05	1.64516287900e-06
1.37478825528e+00	-1.33706231224e-05	1.81168961046e-06
1.38468449045e+00	-1.28834096336e-05	2.00605240205e-06
1.39458072562e+00	-1.23488407892e-05	2.23494799214e-06
1.40447696079e+00	-1.17594946720e-05	2.50756645049e-06
1.41437319596e+00	-1.11072094805e-05	2.83607364777e-06
1.42426943113e+00	-1.03830285148e-05	3.23700339291e-06
1.43416566630e+00	-9.57741999347e-06	3.73322512336e-06
1.44406190147e+00	-8.67933634441e-06	4.35780101810e-06
1.45395813664e+00	-7.68079044934e-06	5.15795192623e-06
1.46385437181e+00	-6.58188878560e-06	6.20201805370e-06
1.47375060698e+00	-5.40411424209e-06	7.58766744795e-06
1.48364684215e+00	-4.21524913436e-06	9.45318369282e-06
1.49354307732e+00	-3.18780879178e-06	1.19659124157e-05
1.50343931249e+00	-2.68202777944e-06	1.52498783846e-05
1.51333554766e+00	-3.27185851094e-06	1.91612526827e-05
1.52323178283e+00	-5.45943482989e-06	2.30139962477e-05
1.53312801801e+00	-9.03148848064e-06	2.57573774864e-05
1.54302425318e+00	-1.30085197693e-05	2.68755021535e-05
1.55292048835e+00	-1.65178730384e-05	2.67064316217e-05
1.56281672352e+00	-1.92732581361e-05	2.58542419882e-05
1.57271295869e+00	-2.13450511861e-05	2.47481709057e-05
1.58260919386e+00	-2.28963868914e-05	2.36087490636e-05
1.59250542903e+00	-2.40728018061e-05	2.25309207773e-05
1.60240166420e+00	-2.49842621609e-05	2.15456705566e-05
1.61229789937e+00	-2.57065207562e-05	2.06577971971e-05
1.62219413454e+00	-2.62915589790e-05	1.98615600698e-05
1.63209036971e+00	-2.67749093061e-05	1.91483566665e-05
1.64198660488e+00	-2.71823345301e-05	1.85076850913e-05
1.65188284005e+00	-2.75320525088e-05	1.79300545028e-05
1.66177907522e+00	-2.78371447000e-05	1.74073422932e-05
1.67167531039e+00	-2.81070550882e-05	1.69327554138e-05
1.68157154556e+00	-2.83491895144e-05	1.65001601593e-05
1.69146778073e+00	-2.85692403887e-05	1.61042937779e-05
1.70136401590e+00	-2.87714841347e-05	1.57408152719e-05
1.71126025107e+00	-2.89591870454e-05	1.54062738995e-05
1.72115648624e+00	-2.91350211359e-05	1.50974563883e-05
1.73105272142e+00	-2.93012150230e-05	1.48113708870e-05
1.74094895659e+00	-2.94594992882e-05	1.45456839506e-05
1.75084519176e+00	-2.96112540474e-05	1.42984378215e-05
1.76074142693e+00	-2.97576342108e-05	1.40679011935e-05
1.77063766210e+00	-2.98996904325e-05	1.38524296697e-05
1.78053389727e+00	-3.00382513184e-05	1.36506806918e-05
1.79043013244e+00	-3.01739677065e-05	1.34615196599e-05
1.80032636761e+00	-3.03073519310e-05	1.32839730992e-05
1.81022260278e+00	-3.04390878835e-05	1.31169736563e-05
1.82011883795e+00	-3.05696324045e-05	1.29597006688e-05
1.83001507312e+00	-3.06993648665e-05	1.28114471710e-05
1.83991130829e+00	-3.08285316500e-05	1.26716687816e-05
1.84980754346e+00	-3.09575902517e-05	1.25396209891e-05
1.85970377863e+00	-3.10868303056e-05	1.24147760419e-05
1.86960001380e+00	-3.12165133107e-05	1.22966619029e-05
1.87949624897e+00	-3.13467921859e-05	1.21849739318e-05
1.88939248414e+00	-3.14779824507e-05	1.20791792403e-05
1.89928871931e+00	-3.16102956468e-05	1.19789239628e-05
1.90918495448e+00	-3.17439316353e-05	1.18838858598e-05
1.91908118965e+00	-3.18789816728e-05	1.17937894155e-05
1.92897742483e+00	-3.20157196200e-05	1.17083426012e-05
1.93887366000e+00	-3.21543314013e-05	1.16272977881e-05
1.94876989517e+00	-3.22949891623e-05	1.15504297942e-05
1.95866613034e+00	-3.24377283367e-05	1.14775954521e-05
1.96856236551e+00	-3.25828133936e-05	1.14085478535e-05
1.97845860068e+00	-3.27304422125e-05	1.13430970960e-05
1.98835483585e+00	-3.28807822208e-05	1.12810809239e-05
