# z0/lambda_p     Gamma_SP/Gamma_EELSb = -10 nm, v = c/10, $\hbar\omega$ = 45 meV, , decay rate normalized grafeno, plot_decay_rate_film_resonance_normalized.py
3.72770281297e-03	5.24914645549e-05
1.12018406138e-02	7.44545466470e-05
1.86759784147e-02	8.36491074234e-05
2.61501162156e-02	9.23478563164e-05
3.36242540165e-02	1.01607022505e-04
4.10983918173e-02	1.11718826880e-04
4.85725296182e-02	1.22840775168e-04
5.60466674191e-02	1.35098713300e-04
6.35208052199e-02	1.48613600443e-04
7.09949430208e-02	1.63510954842e-04
7.84690808217e-02	1.79925196793e-04
8.59432186226e-02	1.98002231296e-04
9.34173564234e-02	2.17901377241e-04
1.00891494224e-01	2.39797067451e-04
1.08365632025e-01	2.63880503714e-04
1.15839769826e-01	2.90361356720e-04
1.23313907627e-01	3.19469560541e-04
1.30788045428e-01	3.51457232981e-04
1.38262183229e-01	3.86600744260e-04
1.45736321030e-01	4.25202952126e-04
1.53210458830e-01	4.67595619145e-04
1.60684596631e-01	5.14142026653e-04
1.68158734432e-01	5.65239798930e-04
1.75632872233e-01	6.21323950435e-04
1.83107010034e-01	6.82870168031e-04
1.90581147835e-01	7.50398338982e-04
1.98055285636e-01	8.24476333979e-04
2.05529423437e-01	9.05724052313e-04
2.13003561237e-01	9.94817733524e-04
2.20477699038e-01	1.09249453618e-03
2.27951836839e-01	1.19955737966e-03
2.35425974640e-01	1.31688003886e-03
2.42900112441e-01	1.44541247405e-03
2.50374250242e-01	1.58618636880e-03
2.57848388043e-01	1.74032083718e-03
2.65322525843e-01	1.90902824761e-03
2.72796663644e-01	2.09362009311e-03
2.80270801445e-01	2.29551281804e-03
2.87744939246e-01	2.51623348619e-03
2.95219077047e-01	2.75742514716e-03
3.02693214848e-01	3.02085172388e-03
3.10167352649e-01	3.30840220532e-03
3.17641490450e-01	3.62209388380e-03
3.25115628250e-01	3.96407432557e-03
3.32589766051e-01	4.33662170591e-03
3.40063903852e-01	4.74214307753e-03
3.47538041653e-01	5.18317007188e-03
3.55012179454e-01	5.66235145982e-03
3.62486317255e-01	6.18244192228e-03
3.69960455056e-01	6.74628630456e-03
3.77434592857e-01	7.35679855533e-03
3.84908730657e-01	8.01693448607e-03
3.92382868458e-01	8.72965743714e-03
3.99857006259e-01	9.49789590926e-03
4.07331144060e-01	1.03244922264e-02
4.14805281861e-01	1.12121413479e-02
4.22279419662e-01	1.21633190600e-02
4.29753557463e-01	1.31801989658e-02
4.37227695264e-01	1.42645579739e-02
4.44701833064e-01	1.54176703737e-02
4.52175970865e-01	1.66401911053e-02
4.59650108666e-01	1.79320294764e-02
4.67124246467e-01	1.92922153707e-02
4.74598384268e-01	2.07187609138e-02
4.82072522069e-01	2.22085215947e-02
4.89546659870e-01	2.37570619511e-02
4.97020797671e-01	2.53585320453e-02
5.04494935471e-01	2.70055620114e-02
5.11969073272e-01	2.86891828290e-02
5.19443211073e-01	3.03987820524e-02
5.26917348874e-01	3.21221033578e-02
5.34391486675e-01	3.38452983280e-02
5.41865624476e-01	3.55530377472e-02
5.49339762277e-01	3.72286877617e-02
5.56813900078e-01	3.88545535327e-02
5.64288037878e-01	4.04121895480e-02
5.71762175679e-01	4.18827717088e-02
5.79236313480e-01	4.32475219364e-02
5.86710451281e-01	4.44881716826e-02
5.94184589082e-01	4.55874468017e-02
6.01658726883e-01	4.65295531600e-02
6.09132864684e-01	4.73006405190e-02
6.16607002484e-01	4.78892219306e-02
6.24081140285e-01	4.82865272678e-02
6.31555278086e-01	4.84867725664e-02
6.39029415887e-01	4.84873313582e-02
6.46503553688e-01	4.82887997447e-02
6.53977691489e-01	4.78949531140e-02
6.61451829290e-01	4.73125985669e-02
6.68925967091e-01	4.65513327779e-02
6.76400104891e-01	4.56232197098e-02
6.83874242692e-01	4.45424060125e-02
6.91348380493e-01	4.33246939124e-02
6.98822518294e-01	4.19870919259e-02
7.06296656095e-01	4.05473629459e-02
7.13770793896e-01	3.90235873779e-02
7.21244931697e-01	3.74337563304e-02
7.28719069498e-01	3.57954066927e-02
7.36193207298e-01	3.41253065505e-02
7.43667345099e-01	3.24391960450e-02
7.51141482900e-01	3.07515856775e-02
7.58615620701e-01	2.90756113336e-02
7.66089758502e-01	2.74229430583e-02
7.73563896303e-01	2.58037428747e-02
7.81038034104e-01	2.42266657324e-02
7.88512171905e-01	2.26988969480e-02
7.95986309705e-01	2.12262192146e-02
8.03460447506e-01	1.98131023440e-02
8.10934585307e-01	1.84628092787e-02
8.18408723108e-01	1.71775125003e-02
8.25882860909e-01	1.59584156912e-02
8.33356998710e-01	1.48058763046e-02
8.40831136511e-01	1.37195255206e-02
8.48305274312e-01	1.26983828542e-02
8.55779412112e-01	1.17409634140e-02
8.63253549913e-01	1.08453764620e-02
8.70727687714e-01	1.00094144826e-02
8.78201825515e-01	9.23063243079e-03
8.85675963316e-01	8.50641720009e-03
8.93150101117e-01	7.83404762920e-03
9.00624238918e-01	7.21074557314e-03
9.08098376719e-01	6.63371870040e-03
9.15572514519e-01	6.10019575970e-03
9.23046652320e-01	5.60745509791e-03
9.30520790121e-01	5.15284721289e-03
9.37994927922e-01	4.73381210292e-03
9.45469065723e-01	4.34789213301e-03
9.52943203524e-01	3.99274108627e-03
9.60417341325e-01	3.66613000863e-03
9.67891479125e-01	3.36595039311e-03
9.75365616926e-01	3.09021518696e-03
9.82839754727e-01	2.83705804513e-03
9.90313892528e-01	2.60473119597e-03
9.97788030329e-01	2.39160223291e-03
1.00526216813e+00	2.19615009792e-03
1.01273630593e+00	2.01696047983e-03
1.02021044373e+00	1.85272081279e-03
1.02768458153e+00	1.70221502710e-03
1.03515871933e+00	1.56431817596e-03
1.04263285713e+00	1.43799103717e-03
1.05010699494e+00	1.32227476792e-03
1.05758113274e+00	1.21628567313e-03
1.06505527054e+00	1.11921013305e-03
1.07252940834e+00	1.03029972366e-03
1.08000354614e+00	9.48866553277e-04
1.08747768394e+00	8.74278830589e-04
1.09495182174e+00	8.05956672741e-04
1.10242595954e+00	7.43368156822e-04
1.10990009734e+00	6.86025613944e-04
1.11737423514e+00	6.33482161909e-04
1.12484837294e+00	5.85328470031e-04
1.13232251074e+00	5.41189747905e-04
1.13979664855e+00	5.00722948625e-04
1.14727078635e+00	4.63614176146e-04
1.15474492415e+00	4.29576285958e-04
1.16221906195e+00	3.98346668020e-04
1.16969319975e+00	3.69685200877e-04
1.17716733755e+00	3.43372366036e-04
1.18464147535e+00	3.19207511918e-04
1.19211561315e+00	2.97007257093e-04
1.19958975095e+00	2.76604022901e-04
1.20706388875e+00	2.57844686032e-04
1.21453802655e+00	2.40589342140e-04
1.22201216436e+00	2.24710172065e-04
1.22948630216e+00	2.10090402732e-04
1.23696043996e+00	1.96623355332e-04
1.24443457776e+00	1.84211573841e-04
1.25190871556e+00	1.72766027438e-04
1.25938285336e+00	1.62205380835e-04
1.26685699116e+00	1.52455326949e-04
1.27433112896e+00	1.43447976795e-04
1.28180526676e+00	1.35121301826e-04
1.28927940456e+00	1.27418624345e-04
1.29675354236e+00	1.20288151951e-04
1.30422768016e+00	1.13682552292e-04
1.31170181797e+00	1.07558564696e-04
1.31917595577e+00	1.01876645554e-04
1.32665009357e+00	9.66006445466e-05
1.33412423137e+00	9.16975090780e-05
1.34159836917e+00	8.71370144855e-05
1.34907250697e+00	8.28915177969e-05
1.35654664477e+00	7.89357329988e-05
1.36402078257e+00	7.52465259507e-05
1.37149492037e+00	7.18027272343e-05
1.37896905817e+00	6.85849613827e-05
1.38644319597e+00	6.55754910520e-05
1.39391733378e+00	6.27580748391e-05
1.40139147158e+00	6.01178375524e-05
1.40886560938e+00	5.76411518374e-05
1.41633974718e+00	5.53155301695e-05
1.42381388498e+00	5.31295263089e-05
1.43128802278e+00	5.10726453767e-05
1.43876216058e+00	4.91352618058e-05
1.44623629838e+00	4.73085444676e-05
1.45371043618e+00	4.55843883495e-05
1.46118457398e+00	4.39553522069e-05
1.46865871178e+00	4.24146016582e-05
1.47613284958e+00	4.09558572553e-05
1.48360698739e+00	3.95733470847e-05
1.49108112519e+00	3.82617634983e-05
