# E [eV]     Re(phi,n), v = c/10, b = -10 nm
# a = 125 nm, $z_p$ = $z^{opt}_p$, plot_potential.py
1.90040369189e-02	-1.75581507469e-05	1.72059804577e-07
2.89002720894e-02	-1.75089856438e-05	1.76240431752e-07
3.87965072599e-02	-1.74586271207e-05	1.80653910319e-07
4.86927424304e-02	-1.74070499633e-05	1.85294289354e-07
5.85889776009e-02	-1.73541583897e-05	1.90180347709e-07
6.84852127714e-02	-1.72998843918e-05	1.95322982243e-07
7.83814479419e-02	-1.72441610435e-05	2.00734542543e-07
8.82776831124e-02	-1.71869706239e-05	2.06417057085e-07
9.81739182829e-02	-1.71281774666e-05	2.12404152545e-07
1.08070153453e-01	-1.70676937696e-05	2.18716910101e-07
1.17966388624e-01	-1.70054254241e-05	2.25378885982e-07
1.27862623794e-01	-1.69413622122e-05	2.32403539205e-07
1.37758858965e-01	-1.68753213317e-05	2.39831625714e-07
1.47655094135e-01	-1.68071845196e-05	2.47695489002e-07
1.57551329306e-01	-1.67368266217e-05	2.56030609018e-07
1.67447564476e-01	-1.66642203977e-05	2.64851952987e-07
1.77343799647e-01	-1.65891458648e-05	2.74220686604e-07
1.87240034817e-01	-1.65114291724e-05	2.84188852026e-07
1.97136269988e-01	-1.64308993353e-05	2.94810281000e-07
2.07032505158e-01	-1.63474679552e-05	3.06131762115e-07
2.16928740329e-01	-1.62608839284e-05	3.18227559378e-07
2.26824975499e-01	-1.61708954494e-05	3.31177521879e-07
2.36721210670e-01	-1.60772612984e-05	3.45066763838e-07
2.46617445840e-01	-1.59798454003e-05	3.59971901985e-07
2.56513681011e-01	-1.58783265732e-05	3.76006279406e-07
2.66409916181e-01	-1.57723155327e-05	3.93304247144e-07
2.76306151352e-01	-1.56614601592e-05	4.12007102013e-07
2.86202386522e-01	-1.55454836990e-05	4.32245244803e-07
2.96098621693e-01	-1.54239694666e-05	4.54199406235e-07
3.05994856863e-01	-1.52963366514e-05	4.78111959729e-07
3.15891092034e-01	-1.51620475362e-05	5.04232655290e-07
3.25787327204e-01	-1.50206195183e-05	5.32834457336e-07
3.35683562375e-01	-1.48714670232e-05	5.64243097817e-07
3.45579797545e-01	-1.47136576239e-05	5.98888054728e-07
3.55476032716e-01	-1.45463261327e-05	6.37249533543e-07
3.65372267886e-01	-1.43685881194e-05	6.79877766836e-07
3.75268503057e-01	-1.41795093717e-05	7.27414049082e-07
3.85164738227e-01	-1.39775662176e-05	7.80753439347e-07
3.95060973398e-01	-1.37612740839e-05	8.40924109709e-07
4.04957208568e-01	-1.35290083479e-05	9.09169284262e-07
4.14853443739e-01	-1.32792038697e-05	9.86934434792e-07
4.24749678909e-01	-1.30091075590e-05	1.07633562961e-06
4.34645914080e-01	-1.27159970688e-05	1.17991743196e-06
4.44542149250e-01	-1.23967092004e-05	1.30095767724e-06
4.54438384421e-01	-1.20481912699e-05	1.44348296195e-06
4.64334619591e-01	-1.16654546398e-05	1.61341071736e-06
4.74230854762e-01	-1.12433994896e-05	1.81845747079e-06
4.84127089932e-01	-1.07762104412e-05	2.06923519556e-06
4.94023325103e-01	-1.02586500822e-05	2.37993276855e-06
5.03919560273e-01	-9.68369950977e-06	2.77192356599e-06
5.13815795444e-01	-9.04676865481e-06	3.27557489125e-06
5.23712030614e-01	-8.34889673325e-06	3.93505737509e-06
5.33608265785e-01	-7.60686325668e-06	4.81221257875e-06
5.43504500955e-01	-6.86862193173e-06	5.99482564326e-06
5.53400736126e-01	-6.25316010096e-06	7.58531340702e-06
5.63296971296e-01	-6.00208600950e-06	9.64501074959e-06
5.73193206467e-01	-6.47696611309e-06	1.20396823648e-05
5.83089441637e-01	-7.93181647023e-06	1.42900961977e-05
5.92985676808e-01	-1.01346377929e-05	1.57797367470e-05
6.02881911978e-01	-1.24638235853e-05	1.63013499337e-05
6.12778147149e-01	-1.44552111776e-05	1.61211136242e-05
6.22674382319e-01	-1.59938410227e-05	1.55925678952e-05
6.32570617490e-01	-1.71436455868e-05	1.49454872433e-05
6.42466852660e-01	-1.80027164702e-05	1.42928919835e-05
6.52363087831e-01	-1.86535300495e-05	1.36816195905e-05
6.62259323001e-01	-1.91567478534e-05	1.31264247136e-05
6.72155558172e-01	-1.95548433521e-05	1.26279874805e-05
6.82051793342e-01	-1.98764466287e-05	1.21822500357e-05
6.91948028513e-01	-2.01412329059e-05	1.17839024107e-05
7.01844263683e-01	-2.03631480896e-05	1.14272859363e-05
7.11740498854e-01	-2.05525122538e-05	1.11063878647e-05
7.21636734024e-01	-2.07165678216e-05	1.08165621778e-05
7.31532969195e-01	-2.08606046161e-05	1.05539243195e-05
7.41429204365e-01	-2.09885452302e-05	1.03152459958e-05
7.51325439536e-01	-2.11037129405e-05	1.00972527248e-05
7.61221674706e-01	-2.12084830884e-05	9.89748447521e-06
7.71117909877e-01	-2.13046872432e-05	9.71389311644e-06
7.81014145047e-01	-2.13936492078e-05	9.54492679301e-06
7.90910380218e-01	-2.14767639004e-05	9.38870236423e-06
8.00806615388e-01	-2.15549849710e-05	9.24389717681e-06
8.10702850559e-01	-2.16290895001e-05	9.10937047354e-06
8.20599085729e-01	-2.16995915644e-05	8.98436659017e-06
8.30495320900e-01	-2.17671657190e-05	8.86773795343e-06
8.40391556070e-01	-2.18322573554e-05	8.75872501130e-06
8.50287791241e-01	-2.18952422511e-05	8.65665891095e-06
8.60184026411e-01	-2.19563236679e-05	8.56113695842e-06
8.70080261582e-01	-2.20158823622e-05	8.47144389080e-06
8.79976496752e-01	-2.20741641404e-05	8.38709471228e-06
8.89872731923e-01	-2.21313709581e-05	8.30767503091e-06
8.99768967093e-01	-2.21875824349e-05	8.23291473891e-06
9.09665202264e-01	-2.22430256576e-05	8.16239337702e-06
9.19561437434e-01	-2.22978611849e-05	8.09578323536e-06
9.29457672605e-01	-2.23522078664e-05	8.03281421962e-06
9.39353907775e-01	-2.24061104281e-05	7.97333129475e-06
9.49250142946e-01	-2.24596934283e-05	7.91705634104e-06
9.59146378116e-01	-2.25130704675e-05	7.86374316342e-06
9.69042613287e-01	-2.25663176629e-05	7.81320858313e-06
9.78938848457e-01	-2.26194301295e-05	7.76532510261e-06
9.88835083628e-01	-2.26724874977e-05	7.71992355455e-06
9.98731318798e-01	-2.27256053377e-05	7.67683046638e-06
1.00862755397e+00	-2.27788360667e-05	7.63591733178e-06
1.01852378914e+00	-2.28321897328e-05	7.59710395411e-06
1.02842002431e+00	-2.28856999747e-05	7.56028611239e-06
1.03831625948e+00	-2.29394558856e-05	7.52531418111e-06
1.04821249465e+00	-2.29934966145e-05	7.49209556069e-06
1.05810872982e+00	-2.30478221103e-05	7.46055990714e-06
1.06800496499e+00	-2.31024283634e-05	7.43063962192e-06
1.07790120016e+00	-2.31574228725e-05	7.40222791090e-06
1.08779743533e+00	-2.32128369824e-05	7.37525654438e-06
1.09769367050e+00	-2.32686788217e-05	7.34967231593e-06
1.10758990567e+00	-2.33249169447e-05	7.32544094697e-06
1.11748614084e+00	-2.33816591430e-05	7.30246778342e-06
1.12738237601e+00	-2.34389323395e-05	7.28070166848e-06
1.13727861119e+00	-2.34967530018e-05	7.26009839411e-06
1.14717484636e+00	-2.35550666405e-05	7.24064013160e-06
1.15707108153e+00	-2.36139857756e-05	7.22225122144e-06
1.16696731670e+00	-2.36735349872e-05	7.20489277203e-06
1.17686355187e+00	-2.37337385286e-05	7.18852836629e-06
1.18675978704e+00	-2.37944990657e-05	7.17313787363e-06
1.19665602221e+00	-2.38559572212e-05	7.15867161639e-06
1.20655225738e+00	-2.39181385972e-05	7.14509947969e-06
1.21644849255e+00	-2.39810667227e-05	7.13239346643e-06
1.22634472772e+00	-2.40446894207e-05	7.12055817195e-06
1.23624096289e+00	-2.41090918853e-05	7.10954104348e-06
1.24613719806e+00	-2.41743090204e-05	7.09931425380e-06
1.25603343323e+00	-2.42403646209e-05	7.08985618068e-06
1.26592966840e+00	-2.43071914939e-05	7.08114458760e-06
1.27582590357e+00	-2.43748729891e-05	7.07315903744e-06
1.28572213874e+00	-2.44434627873e-05	7.06588197957e-06
1.29561837391e+00	-2.45129856225e-05	7.05929671992e-06
1.30551460908e+00	-2.45833861276e-05	7.05339483418e-06
1.31541084425e+00	-2.46547221339e-05	7.04815654627e-06
1.32530707942e+00	-2.47270641165e-05	7.04356368996e-06
1.33520331460e+00	-2.48004383905e-05	7.03960347973e-06
1.34509954977e+00	-2.48748146136e-05	7.03626691337e-06
1.35499578494e+00	-2.49502230729e-05	7.03354118707e-06
1.36489202011e+00	-2.50267428106e-05	7.03141283285e-06
1.37478825528e+00	-2.51044023290e-05	7.02987221296e-06
1.38468449045e+00	-2.51831816316e-05	7.02891122730e-06
1.39458072562e+00	-2.52630865271e-05	7.02852070938e-06
1.40447696079e+00	-2.53442172655e-05	7.02869127111e-06
1.41437319596e+00	-2.54266051272e-05	7.02941587823e-06
1.42426943113e+00	-2.55102446002e-05	7.03068060978e-06
1.43416566630e+00	-2.55951141671e-05	7.03246764781e-06
1.44406190147e+00	-2.56813362139e-05	7.03478860741e-06
1.45395813664e+00	-2.57689454293e-05	7.03763863632e-06
1.46385437181e+00	-2.58579575370e-05	7.04101267847e-06
1.47375060698e+00	-2.59483362083e-05	7.04490358312e-06
1.48364684215e+00	-2.60402088214e-05	7.04931059188e-06
1.49354307732e+00	-2.61336142120e-05	7.05423075771e-06
1.50343931249e+00	-2.62285812136e-05	7.05966267824e-06
1.51333554766e+00	-2.63249963307e-05	7.06561871869e-06
1.52323178283e+00	-2.64230623625e-05	7.07208061725e-06
1.53312801801e+00	-2.65228230640e-05	7.07904715446e-06
1.54302425318e+00	-2.66243236055e-05	7.08651750825e-06
1.55292048835e+00	-2.67275226386e-05	7.09445692322e-06
1.56281672352e+00	-2.68325489525e-05	7.10289600941e-06
1.57271295869e+00	-2.69394569673e-05	7.11183688642e-06
1.58260919386e+00	-2.70482980910e-05	7.12128023060e-06
1.59250542903e+00	-2.71590064018e-05	7.13121622099e-06
1.60240166420e+00	-2.72717283529e-05	7.14165377016e-06
1.61229789937e+00	-2.73865438533e-05	7.15259667551e-06
1.62219413454e+00	-2.75035117375e-05	7.16404705625e-06
1.63209036971e+00	-2.76225626157e-05	7.17599393389e-06
1.64198660488e+00	-2.77438342026e-05	7.18844699339e-06
1.65188284005e+00	-2.78674416492e-05	7.20141441431e-06
1.66177907522e+00	-2.79934526657e-05	7.21489971435e-06
1.67167531039e+00	-2.81218624706e-05	7.22887647974e-06
1.68157154556e+00	-2.82527668282e-05	7.24335763379e-06
1.69146778073e+00	-2.83862894993e-05	7.25836701462e-06
1.70136401590e+00	-2.85225089725e-05	7.27390948438e-06
1.71126025107e+00	-2.86614053944e-05	7.28999686053e-06
1.72115648624e+00	-2.88030532563e-05	7.30663480640e-06
1.73105272142e+00	-2.89476449351e-05	7.32382226277e-06
1.74094895659e+00	-2.90952719048e-05	7.34156552436e-06
1.75084519176e+00	-2.92459891759e-05	7.35986620807e-06
1.76074142693e+00	-2.93998664169e-05	7.37872738403e-06
1.77063766210e+00	-2.95570725910e-05	7.39816461686e-06
1.78053389727e+00	-2.97177151698e-05	7.41818562151e-06
1.79043013244e+00	-2.98818564916e-05	7.43878021763e-06
1.80032636761e+00	-3.00495170326e-05	7.45992106024e-06
1.81022260278e+00	-3.02209576308e-05	7.48166801009e-06
1.82011883795e+00	-3.03963053337e-05	7.50403014716e-06
1.83001507312e+00	-3.05756606402e-05	7.52701261047e-06
1.83991130829e+00	-3.07590015589e-05	7.55060259676e-06
1.84980754346e+00	-3.09466570408e-05	7.57483589119e-06
1.85970377863e+00	-3.11387782566e-05	7.59972308568e-06
1.86960001380e+00	-3.13355174966e-05	7.62527592413e-06
1.87949624897e+00	-3.15368539953e-05	7.65152957138e-06
1.88939248414e+00	-3.17431455464e-05	7.67847198720e-06
1.89928871931e+00	-3.19545735592e-05	7.70611536060e-06
1.90918495448e+00	-3.21713282434e-05	7.73447225762e-06
1.91908118965e+00	-3.23934869038e-05	7.76348545558e-06
1.92897742483e+00	-3.26213645458e-05	7.79322871853e-06
1.93887366000e+00	-3.28551921959e-05	7.82372206892e-06
1.94876989517e+00	-3.30952007503e-05	7.85497939062e-06
1.95866613034e+00	-3.33414040848e-05	7.88698141175e-06
1.96856236551e+00	-3.35942185541e-05	7.91976548597e-06
1.97845860068e+00	-3.38539673829e-05	7.95335632810e-06
1.98835483585e+00	-3.41209346152e-05	7.98776723445e-06
